(kicad_pcb (version 20171130) (host pcbnew "(2018-02-09 revision 07fff6ed3)-makepkg")

  (general
    (thickness 1.6)
    (drawings 35)
    (tracks 575)
    (zones 0)
    (modules 36)
    (nets 56)
  )

  (page A4)
  (layers
    (0 F.Cu signal)
    (31 B.Cu signal)
    (32 B.Adhes user)
    (33 F.Adhes user)
    (34 B.Paste user)
    (35 F.Paste user)
    (36 B.SilkS user)
    (37 F.SilkS user)
    (38 B.Mask user)
    (39 F.Mask user)
    (40 Dwgs.User user)
    (41 Cmts.User user)
    (42 Eco1.User user)
    (43 Eco2.User user)
    (44 Edge.Cuts user)
    (45 Margin user)
    (46 B.CrtYd user)
    (47 F.CrtYd user)
    (48 B.Fab user hide)
    (49 F.Fab user hide)
  )

  (setup
    (last_trace_width 0.175)
    (trace_clearance 0.175)
    (zone_clearance 0.25)
    (zone_45_only no)
    (trace_min 0)
    (segment_width 0.2)
    (edge_width 0.15)
    (via_size 0.5)
    (via_drill 0.25)
    (via_min_size 0)
    (via_min_drill 0)
    (uvia_size 0.3)
    (uvia_drill 0.1)
    (uvias_allowed no)
    (uvia_min_size 0.2)
    (uvia_min_drill 0.1)
    (pcb_text_width 0.3)
    (pcb_text_size 1.5 1.5)
    (mod_edge_width 0.15)
    (mod_text_size 1 1)
    (mod_text_width 0.15)
    (pad_size 1.524 1.524)
    (pad_drill 0.762)
    (pad_to_mask_clearance 0.175)
    (aux_axis_origin 0 0)
    (visible_elements 7FFDFF7F)
    (pcbplotparams
      (layerselection 0x010fc_ffffffff)
      (usegerberextensions false)
      (usegerberattributes false)
      (usegerberadvancedattributes false)
      (creategerberjobfile false)
      (excludeedgelayer true)
      (linewidth 0.100000)
      (plotframeref false)
      (viasonmask false)
      (mode 1)
      (useauxorigin false)
      (hpglpennumber 1)
      (hpglpenspeed 20)
      (hpglpendiameter 15)
      (psnegative false)
      (psa4output false)
      (plotreference true)
      (plotvalue true)
      (plotinvisibletext false)
      (padsonsilk false)
      (subtractmaskfromsilk false)
      (outputformat 1)
      (mirror false)
      (drillshape 1)
      (scaleselection 1)
      (outputdirectory ""))
  )

  (net 0 "")
  (net 1 "Net-(D2-Pad1)")
  (net 2 GND)
  (net 3 "Net-(D1-Pad1)")
  (net 4 +3V3)
  (net 5 /SWDCLK)
  (net 6 /RESET)
  (net 7 "Net-(D4-Pad1)")
  (net 8 "Net-(D3-Pad1)")
  (net 9 VBUS)
  (net 10 "Net-(U1-Pad21)")
  (net 11 "Net-(U1-Pad22)")
  (net 12 "Net-(C6-Pad1)")
  (net 13 "Net-(C7-Pad1)")
  (net 14 "Net-(U1-Pad31)")
  (net 15 "Net-(U1-Pad32)")
  (net 16 /USB_D-)
  (net 17 /USB_D+)
  (net 18 "Net-(U1-Pad37)")
  (net 19 "Net-(U1-Pad38)")
  (net 20 "Net-(U1-Pad39)")
  (net 21 "Net-(U1-Pad41)")
  (net 22 "Net-(C5-Pad1)")
  (net 23 /SWDIO)
  (net 24 /BTN_USR)
  (net 25 "Net-(D3-Pad4)")
  (net 26 /LED3_B)
  (net 27 /LED1_G)
  (net 28 /LED2_G)
  (net 29 /LED4_B)
  (net 30 "Net-(D4-Pad4)")
  (net 31 "Net-(D4-Pad2)")
  (net 32 /LED4_R)
  (net 33 /LED4_G)
  (net 34 "Net-(D3-Pad2)")
  (net 35 /LED3_R)
  (net 36 /LED1_B)
  (net 37 "Net-(D1-Pad4)")
  (net 38 "Net-(D1-Pad2)")
  (net 39 /LED1_R)
  (net 40 /LED3_G)
  (net 41 "Net-(D2-Pad4)")
  (net 42 /LED2_B)
  (net 43 /LED2_R)
  (net 44 "Net-(D2-Pad2)")
  (net 45 /PA8)
  (net 46 /PA9)
  (net 47 /PA10)
  (net 48 /PA11)
  (net 49 /PA16)
  (net 50 /PA17)
  (net 51 /PA18)
  (net 52 /PA19)
  (net 53 /PA20)
  (net 54 /PA21)
  (net 55 /BTN_BOOT)

  (net_class Default "This is the default net class."
    (clearance 0.175)
    (trace_width 0.175)
    (via_dia 0.5)
    (via_drill 0.25)
    (uvia_dia 0.3)
    (uvia_drill 0.1)
    (add_net /BTN_BOOT)
    (add_net /BTN_USR)
    (add_net /LED1_B)
    (add_net /LED1_G)
    (add_net /LED1_R)
    (add_net /LED2_B)
    (add_net /LED2_G)
    (add_net /LED2_R)
    (add_net /LED3_B)
    (add_net /LED3_G)
    (add_net /LED3_R)
    (add_net /LED4_B)
    (add_net /LED4_G)
    (add_net /LED4_R)
    (add_net /PA10)
    (add_net /PA11)
    (add_net /PA16)
    (add_net /PA17)
    (add_net /PA18)
    (add_net /PA19)
    (add_net /PA20)
    (add_net /PA21)
    (add_net /PA8)
    (add_net /PA9)
    (add_net /RESET)
    (add_net /SWDCLK)
    (add_net /SWDIO)
    (add_net /USB_D+)
    (add_net /USB_D-)
    (add_net GND)
    (add_net "Net-(C5-Pad1)")
    (add_net "Net-(C6-Pad1)")
    (add_net "Net-(C7-Pad1)")
    (add_net "Net-(D1-Pad1)")
    (add_net "Net-(D1-Pad2)")
    (add_net "Net-(D1-Pad4)")
    (add_net "Net-(D2-Pad1)")
    (add_net "Net-(D2-Pad2)")
    (add_net "Net-(D2-Pad4)")
    (add_net "Net-(D3-Pad1)")
    (add_net "Net-(D3-Pad2)")
    (add_net "Net-(D3-Pad4)")
    (add_net "Net-(D4-Pad1)")
    (add_net "Net-(D4-Pad2)")
    (add_net "Net-(D4-Pad4)")
    (add_net "Net-(U1-Pad21)")
    (add_net "Net-(U1-Pad22)")
    (add_net "Net-(U1-Pad31)")
    (add_net "Net-(U1-Pad32)")
    (add_net "Net-(U1-Pad37)")
    (add_net "Net-(U1-Pad38)")
    (add_net "Net-(U1-Pad39)")
    (add_net "Net-(U1-Pad41)")
  )

  (net_class Power ""
    (clearance 0.2)
    (trace_width 0.2)
    (via_dia 0.5)
    (via_drill 0.25)
    (uvia_dia 0.3)
    (uvia_drill 0.1)
    (add_net +3V3)
    (add_net VBUS)
  )

  (module Connector_PinHeader_2.54mm:PinHeader_2x07_P2.54mm_Vertical (layer F.Cu) (tedit 5A806977) (tstamp 5B09964C)
    (at 105.8 84.9)
    (descr "Through hole straight pin header, 2x07, 2.54mm pitch, double rows")
    (tags "Through hole pin header THT 2x07 2.54mm double row")
    (path /5AB82F0E)
    (fp_text reference J3 (at 1.27 -2.33) (layer F.SilkS) hide
      (effects (font (size 1 1) (thickness 0.15)))
    )
    (fp_text value Conn_02x07_Odd_Even (at 1.27 17.57) (layer F.Fab)
      (effects (font (size 1 1) (thickness 0.15)))
    )
    (fp_line (start 0 -1.27) (end 3.81 -1.27) (layer F.Fab) (width 0.1))
    (fp_line (start 3.81 -1.27) (end 3.81 16.51) (layer F.Fab) (width 0.1))
    (fp_line (start 3.81 16.51) (end -1.27 16.51) (layer F.Fab) (width 0.1))
    (fp_line (start -1.27 16.51) (end -1.27 0) (layer F.Fab) (width 0.1))
    (fp_line (start -1.27 0) (end 0 -1.27) (layer F.Fab) (width 0.1))
    (fp_line (start -1.33 16.57) (end 3.87 16.57) (layer F.SilkS) (width 0.12))
    (fp_line (start -1.33 1.27) (end -1.33 16.57) (layer F.SilkS) (width 0.12))
    (fp_line (start 3.87 -1.33) (end 3.87 16.57) (layer F.SilkS) (width 0.12))
    (fp_line (start -1.33 1.27) (end 1.27 1.27) (layer F.SilkS) (width 0.12))
    (fp_line (start 1.27 1.27) (end 1.27 -1.33) (layer F.SilkS) (width 0.12))
    (fp_line (start 1.27 -1.33) (end 3.87 -1.33) (layer F.SilkS) (width 0.12))
    (fp_line (start -1.33 0) (end -1.33 -1.33) (layer F.SilkS) (width 0.12))
    (fp_line (start -1.33 -1.33) (end 0 -1.33) (layer F.SilkS) (width 0.12))
    (fp_line (start -1.8 -1.8) (end -1.8 17.05) (layer F.CrtYd) (width 0.05))
    (fp_line (start -1.8 17.05) (end 4.35 17.05) (layer F.CrtYd) (width 0.05))
    (fp_line (start 4.35 17.05) (end 4.35 -1.8) (layer F.CrtYd) (width 0.05))
    (fp_line (start 4.35 -1.8) (end -1.8 -1.8) (layer F.CrtYd) (width 0.05))
    (fp_text user %R (at 1.27 7.62 90) (layer F.Fab)
      (effects (font (size 1 1) (thickness 0.15)))
    )
    (pad 1 thru_hole rect (at 0 0) (size 1.7 1.7) (drill 1) (layers *.Cu *.Mask)
      (net 9 VBUS))
    (pad 2 thru_hole oval (at 2.54 0) (size 1.7 1.7) (drill 1) (layers *.Cu *.Mask)
      (net 2 GND))
    (pad 3 thru_hole oval (at 0 2.54) (size 1.7 1.7) (drill 1) (layers *.Cu *.Mask)
      (net 4 +3V3))
    (pad 4 thru_hole oval (at 2.54 2.54) (size 1.7 1.7) (drill 1) (layers *.Cu *.Mask)
      (net 2 GND))
    (pad 5 thru_hole oval (at 0 5.08) (size 1.7 1.7) (drill 1) (layers *.Cu *.Mask)
      (net 47 /PA10))
    (pad 6 thru_hole oval (at 2.54 5.08) (size 1.7 1.7) (drill 1) (layers *.Cu *.Mask)
      (net 48 /PA11))
    (pad 7 thru_hole oval (at 0 7.62) (size 1.7 1.7) (drill 1) (layers *.Cu *.Mask)
      (net 45 /PA8))
    (pad 8 thru_hole oval (at 2.54 7.62) (size 1.7 1.7) (drill 1) (layers *.Cu *.Mask)
      (net 46 /PA9))
    (pad 9 thru_hole oval (at 0 10.16) (size 1.7 1.7) (drill 1) (layers *.Cu *.Mask)
      (net 50 /PA17))
    (pad 10 thru_hole oval (at 2.54 10.16) (size 1.7 1.7) (drill 1) (layers *.Cu *.Mask)
      (net 49 /PA16))
    (pad 11 thru_hole oval (at 0 12.7) (size 1.7 1.7) (drill 1) (layers *.Cu *.Mask)
      (net 52 /PA19))
    (pad 12 thru_hole oval (at 2.54 12.7) (size 1.7 1.7) (drill 1) (layers *.Cu *.Mask)
      (net 51 /PA18))
    (pad 13 thru_hole oval (at 0 15.24) (size 1.7 1.7) (drill 1) (layers *.Cu *.Mask)
      (net 54 /PA21))
    (pad 14 thru_hole oval (at 2.54 15.24) (size 1.7 1.7) (drill 1) (layers *.Cu *.Mask)
      (net 53 /PA20))
    (model ${KISYS3DMOD}/Connector_PinHeader_2.54mm.3dshapes/PinHeader_2x07_P2.54mm_Vertical.wrl
      (at (xyz 0 0 0))
      (scale (xyz 1 1 1))
      (rotate (xyz 0 0 0))
    )
  )

  (module Capacitor_SMD:C_0603_1608Metric (layer F.Cu) (tedit 5A805FB7) (tstamp 5AFD3231)
    (at 76.5 98.8 90)
    (descr "Capacitor SMD 0603 (1608 Metric), square (rectangular) end terminal, IPC_7351 nominal, (Body size source: http://www.tortai-tech.com/upload/download/2011102023233369053.pdf), generated with kicad-footprint-generator")
    (tags capacitor)
    (path /5AA787BD)
    (attr smd)
    (fp_text reference C9 (at 0 -1.65 90) (layer F.SilkS) hide
      (effects (font (size 1 1) (thickness 0.15)))
    )
    (fp_text value 1uF (at 0 1.65 90) (layer F.Fab)
      (effects (font (size 1 1) (thickness 0.15)))
    )
    (fp_line (start -0.8 0.4) (end -0.8 -0.4) (layer F.Fab) (width 0.1))
    (fp_line (start -0.8 -0.4) (end 0.8 -0.4) (layer F.Fab) (width 0.1))
    (fp_line (start 0.8 -0.4) (end 0.8 0.4) (layer F.Fab) (width 0.1))
    (fp_line (start 0.8 0.4) (end -0.8 0.4) (layer F.Fab) (width 0.1))
    (fp_line (start -0.22 -0.51) (end 0.22 -0.51) (layer F.SilkS) (width 0.12))
    (fp_line (start -0.22 0.51) (end 0.22 0.51) (layer F.SilkS) (width 0.12))
    (fp_line (start -1.46 0.75) (end -1.46 -0.75) (layer F.CrtYd) (width 0.05))
    (fp_line (start -1.46 -0.75) (end 1.46 -0.75) (layer F.CrtYd) (width 0.05))
    (fp_line (start 1.46 -0.75) (end 1.46 0.75) (layer F.CrtYd) (width 0.05))
    (fp_line (start 1.46 0.75) (end -1.46 0.75) (layer F.CrtYd) (width 0.05))
    (fp_text user %R (at 0 0 90) (layer F.Fab)
      (effects (font (size 0.5 0.5) (thickness 0.08)))
    )
    (pad 1 smd rect (at -0.875 0 90) (size 0.67 1) (layers F.Cu F.Paste F.Mask)
      (net 4 +3V3))
    (pad 2 smd rect (at 0.875 0 90) (size 0.67 1) (layers F.Cu F.Paste F.Mask)
      (net 2 GND))
    (model ${KISYS3DMOD}/Capacitor_SMD.3dshapes/C_0603_1608Metric.wrl
      (at (xyz 0 0 0))
      (scale (xyz 1 1 1))
      (rotate (xyz 0 0 0))
    )
  )

  (module Connector_USB_Extra:usb-PCB (layer F.Cu) (tedit 542BB0AF) (tstamp 5AF1C629)
    (at 57.5 92.5 270)
    (path /5AA52E87)
    (attr virtual)
    (fp_text reference J1 (at 0.13 -7.85 270) (layer F.SilkS) hide
      (effects (font (size 1.5 1.5) (thickness 0.15)))
    )
    (fp_text value USB_A (at 0.29 -10.13 270) (layer F.SilkS) hide
      (effects (font (size 1.5 1.5) (thickness 0.15)))
    )
    (fp_line (start 6.03 0) (end 6.03 -12) (layer Dwgs.User) (width 0.15))
    (fp_line (start 6.03 0) (end -6.03 0) (layer Dwgs.User) (width 0.15))
    (fp_line (start -6.03 0) (end -6.03 -12) (layer Dwgs.User) (width 0.15))
    (pad 1 connect rect (at 3.81 -4.9 270) (size 1.9 8) (layers F.Cu F.Mask)
      (net 9 VBUS))
    (pad 4 connect rect (at -3.81 -4.9 270) (size 1.9 8) (layers F.Cu F.Mask)
      (net 2 GND))
    (pad 3 connect rect (at -1.3 -5.15 270) (size 2 7.5) (layers F.Cu F.Mask)
      (net 17 /USB_D+))
    (pad 2 connect rect (at 1.3 -5.15 270) (size 2 7.5) (layers F.Cu F.Mask)
      (net 16 /USB_D-))
  )

  (module LED_SMD_Extra:LED_0606_RGBA (layer F.Cu) (tedit 59E3D7E2) (tstamp 5AC45E83)
    (at 101.1 86.4 90)
    (descr "RGB LED 0606 smd package common annode")
    (tags "RGB LED led 0606 SMD smd SMT smt smdled SMDLED smtled SMTLED")
    (path /5AB68244)
    (attr smd)
    (fp_text reference D4 (at 0 2 90) (layer F.SilkS) hide
      (effects (font (size 1 1) (thickness 0.15)))
    )
    (fp_text value LED_GRAB (at 0 2.2 90) (layer F.Fab)
      (effects (font (size 1 1) (thickness 0.15)))
    )
    (fp_line (start -1.3 0.9) (end 0.8 0.9) (layer F.SilkS) (width 0.12))
    (fp_line (start -1.3 -0.9) (end -1.3 0.9) (layer F.SilkS) (width 0.12))
    (fp_line (start -0.2 -0.2) (end -0.2 0.2) (layer F.Fab) (width 0.1))
    (fp_line (start -0.15 0) (end 0.15 -0.2) (layer F.Fab) (width 0.1))
    (fp_line (start 0.15 0.2) (end -0.15 0) (layer F.Fab) (width 0.1))
    (fp_line (start 0.15 -0.2) (end 0.15 0.2) (layer F.Fab) (width 0.1))
    (fp_line (start 0.8 0.8) (end -0.8 0.8) (layer F.Fab) (width 0.1))
    (fp_line (start 0.8 -0.8) (end 0.8 0.8) (layer F.Fab) (width 0.1))
    (fp_line (start -0.8 -0.8) (end 0.8 -0.8) (layer F.Fab) (width 0.1))
    (fp_line (start -0.8 0.8) (end -0.8 -0.8) (layer F.Fab) (width 0.1))
    (fp_line (start -1.3 -0.9) (end 0.8 -0.9) (layer F.SilkS) (width 0.12))
    (fp_line (start 1.45 -1.05) (end 1.45 1.05) (layer F.CrtYd) (width 0.05))
    (fp_line (start 1.45 1.05) (end -1.45 1.05) (layer F.CrtYd) (width 0.05))
    (fp_line (start -1.45 1.05) (end -1.45 -1.05) (layer F.CrtYd) (width 0.05))
    (fp_line (start -1.45 -1.05) (end 1.45 -1.05) (layer F.CrtYd) (width 0.05))
    (pad 4 smd rect (at 0.8 0.4 270) (size 0.8 0.6) (layers F.Cu F.Paste F.Mask)
      (net 30 "Net-(D4-Pad4)"))
    (pad 1 smd rect (at -0.8 0.4 270) (size 0.8 0.6) (layers F.Cu F.Paste F.Mask)
      (net 7 "Net-(D4-Pad1)"))
    (pad 3 smd rect (at 0.8 -0.4 270) (size 0.8 0.6) (layers F.Cu F.Paste F.Mask)
      (net 4 +3V3))
    (pad 2 smd rect (at -0.8 -0.4 270) (size 0.8 0.6) (layers F.Cu F.Paste F.Mask)
      (net 31 "Net-(D4-Pad2)"))
    (model E:/Desktop/LED_0603.wrl
      (offset (xyz 0 0.4 0))
      (scale (xyz 1 1 1))
      (rotate (xyz 0 0 180))
    )
    (model E:/Desktop/LED_0603.wrl
      (offset (xyz 0 -0.4 0))
      (scale (xyz 1 1 1))
      (rotate (xyz 0 0 180))
    )
  )

  (module LED_SMD_Extra:LED_0606_RGBA (layer F.Cu) (tedit 59E3D7E2) (tstamp 5AC45E6D)
    (at 101.1 91 90)
    (descr "RGB LED 0606 smd package common annode")
    (tags "RGB LED led 0606 SMD smd SMT smt smdled SMDLED smtled SMTLED")
    (path /5AB57FE7)
    (attr smd)
    (fp_text reference D3 (at 0 2 90) (layer F.SilkS) hide
      (effects (font (size 1 1) (thickness 0.15)))
    )
    (fp_text value LED_GRAB (at 0 2.2 90) (layer F.Fab)
      (effects (font (size 1 1) (thickness 0.15)))
    )
    (fp_line (start -1.45 -1.05) (end 1.45 -1.05) (layer F.CrtYd) (width 0.05))
    (fp_line (start -1.45 1.05) (end -1.45 -1.05) (layer F.CrtYd) (width 0.05))
    (fp_line (start 1.45 1.05) (end -1.45 1.05) (layer F.CrtYd) (width 0.05))
    (fp_line (start 1.45 -1.05) (end 1.45 1.05) (layer F.CrtYd) (width 0.05))
    (fp_line (start -1.3 -0.9) (end 0.8 -0.9) (layer F.SilkS) (width 0.12))
    (fp_line (start -0.8 0.8) (end -0.8 -0.8) (layer F.Fab) (width 0.1))
    (fp_line (start -0.8 -0.8) (end 0.8 -0.8) (layer F.Fab) (width 0.1))
    (fp_line (start 0.8 -0.8) (end 0.8 0.8) (layer F.Fab) (width 0.1))
    (fp_line (start 0.8 0.8) (end -0.8 0.8) (layer F.Fab) (width 0.1))
    (fp_line (start 0.15 -0.2) (end 0.15 0.2) (layer F.Fab) (width 0.1))
    (fp_line (start 0.15 0.2) (end -0.15 0) (layer F.Fab) (width 0.1))
    (fp_line (start -0.15 0) (end 0.15 -0.2) (layer F.Fab) (width 0.1))
    (fp_line (start -0.2 -0.2) (end -0.2 0.2) (layer F.Fab) (width 0.1))
    (fp_line (start -1.3 -0.9) (end -1.3 0.9) (layer F.SilkS) (width 0.12))
    (fp_line (start -1.3 0.9) (end 0.8 0.9) (layer F.SilkS) (width 0.12))
    (pad 2 smd rect (at -0.8 -0.4 270) (size 0.8 0.6) (layers F.Cu F.Paste F.Mask)
      (net 34 "Net-(D3-Pad2)"))
    (pad 3 smd rect (at 0.8 -0.4 270) (size 0.8 0.6) (layers F.Cu F.Paste F.Mask)
      (net 4 +3V3))
    (pad 1 smd rect (at -0.8 0.4 270) (size 0.8 0.6) (layers F.Cu F.Paste F.Mask)
      (net 8 "Net-(D3-Pad1)"))
    (pad 4 smd rect (at 0.8 0.4 270) (size 0.8 0.6) (layers F.Cu F.Paste F.Mask)
      (net 25 "Net-(D3-Pad4)"))
    (model E:/Desktop/LED_0603.wrl
      (offset (xyz 0 -0.4 0))
      (scale (xyz 1 1 1))
      (rotate (xyz 0 0 0))
    )
    (model E:/Desktop/LED_0603.wrl
      (offset (xyz 0 0.4 0))
      (scale (xyz 1 1 1))
      (rotate (xyz 0 0 0))
    )
  )

  (module LED_SMD_Extra:LED_0606_RGBA (layer F.Cu) (tedit 59E3D7E2) (tstamp 5AC45E57)
    (at 101.1 95.6 90)
    (descr "RGB LED 0606 smd package common annode")
    (tags "RGB LED led 0606 SMD smd SMT smt smdled SMDLED smtled SMTLED")
    (path /5AB4DBF4)
    (attr smd)
    (fp_text reference D2 (at 0 2 90) (layer F.SilkS) hide
      (effects (font (size 1 1) (thickness 0.15)))
    )
    (fp_text value LED_GRAB (at 0 2.2 90) (layer F.Fab)
      (effects (font (size 1 1) (thickness 0.15)))
    )
    (fp_line (start -1.3 0.9) (end 0.8 0.9) (layer F.SilkS) (width 0.12))
    (fp_line (start -1.3 -0.9) (end -1.3 0.9) (layer F.SilkS) (width 0.12))
    (fp_line (start -0.2 -0.2) (end -0.2 0.2) (layer F.Fab) (width 0.1))
    (fp_line (start -0.15 0) (end 0.15 -0.2) (layer F.Fab) (width 0.1))
    (fp_line (start 0.15 0.2) (end -0.15 0) (layer F.Fab) (width 0.1))
    (fp_line (start 0.15 -0.2) (end 0.15 0.2) (layer F.Fab) (width 0.1))
    (fp_line (start 0.8 0.8) (end -0.8 0.8) (layer F.Fab) (width 0.1))
    (fp_line (start 0.8 -0.8) (end 0.8 0.8) (layer F.Fab) (width 0.1))
    (fp_line (start -0.8 -0.8) (end 0.8 -0.8) (layer F.Fab) (width 0.1))
    (fp_line (start -0.8 0.8) (end -0.8 -0.8) (layer F.Fab) (width 0.1))
    (fp_line (start -1.3 -0.9) (end 0.8 -0.9) (layer F.SilkS) (width 0.12))
    (fp_line (start 1.45 -1.05) (end 1.45 1.05) (layer F.CrtYd) (width 0.05))
    (fp_line (start 1.45 1.05) (end -1.45 1.05) (layer F.CrtYd) (width 0.05))
    (fp_line (start -1.45 1.05) (end -1.45 -1.05) (layer F.CrtYd) (width 0.05))
    (fp_line (start -1.45 -1.05) (end 1.45 -1.05) (layer F.CrtYd) (width 0.05))
    (pad 4 smd rect (at 0.8 0.4 270) (size 0.8 0.6) (layers F.Cu F.Paste F.Mask)
      (net 41 "Net-(D2-Pad4)"))
    (pad 1 smd rect (at -0.8 0.4 270) (size 0.8 0.6) (layers F.Cu F.Paste F.Mask)
      (net 1 "Net-(D2-Pad1)"))
    (pad 3 smd rect (at 0.8 -0.4 270) (size 0.8 0.6) (layers F.Cu F.Paste F.Mask)
      (net 4 +3V3))
    (pad 2 smd rect (at -0.8 -0.4 270) (size 0.8 0.6) (layers F.Cu F.Paste F.Mask)
      (net 44 "Net-(D2-Pad2)"))
    (model E:/Desktop/LED_0603.wrl
      (offset (xyz 0 -0.4 0))
      (scale (xyz 1 1 1))
      (rotate (xyz 0 0 0))
    )
    (model E:/Desktop/LED_0603.wrl
      (offset (xyz 0 0.4 0))
      (scale (xyz 1 1 1))
      (rotate (xyz 0 0 0))
    )
  )

  (module LED_SMD_Extra:LED_0606_RGBA (layer F.Cu) (tedit 59E3D7E2) (tstamp 5AC45E41)
    (at 101.1 100.2 90)
    (descr "RGB LED 0606 smd package common annode")
    (tags "RGB LED led 0606 SMD smd SMT smt smdled SMDLED smtled SMTLED")
    (path /5AB05F63)
    (attr smd)
    (fp_text reference D1 (at 0 2 90) (layer F.SilkS) hide
      (effects (font (size 1 1) (thickness 0.15)))
    )
    (fp_text value LED_GRAB (at 0 2.2 90) (layer F.Fab)
      (effects (font (size 1 1) (thickness 0.15)))
    )
    (fp_line (start -1.45 -1.05) (end 1.45 -1.05) (layer F.CrtYd) (width 0.05))
    (fp_line (start -1.45 1.05) (end -1.45 -1.05) (layer F.CrtYd) (width 0.05))
    (fp_line (start 1.45 1.05) (end -1.45 1.05) (layer F.CrtYd) (width 0.05))
    (fp_line (start 1.45 -1.05) (end 1.45 1.05) (layer F.CrtYd) (width 0.05))
    (fp_line (start -1.3 -0.9) (end 0.8 -0.9) (layer F.SilkS) (width 0.12))
    (fp_line (start -0.8 0.8) (end -0.8 -0.8) (layer F.Fab) (width 0.1))
    (fp_line (start -0.8 -0.8) (end 0.8 -0.8) (layer F.Fab) (width 0.1))
    (fp_line (start 0.8 -0.8) (end 0.8 0.8) (layer F.Fab) (width 0.1))
    (fp_line (start 0.8 0.8) (end -0.8 0.8) (layer F.Fab) (width 0.1))
    (fp_line (start 0.15 -0.2) (end 0.15 0.2) (layer F.Fab) (width 0.1))
    (fp_line (start 0.15 0.2) (end -0.15 0) (layer F.Fab) (width 0.1))
    (fp_line (start -0.15 0) (end 0.15 -0.2) (layer F.Fab) (width 0.1))
    (fp_line (start -0.2 -0.2) (end -0.2 0.2) (layer F.Fab) (width 0.1))
    (fp_line (start -1.3 -0.9) (end -1.3 0.9) (layer F.SilkS) (width 0.12))
    (fp_line (start -1.3 0.9) (end 0.8 0.9) (layer F.SilkS) (width 0.12))
    (pad 2 smd rect (at -0.8 -0.4 270) (size 0.8 0.6) (layers F.Cu F.Paste F.Mask)
      (net 38 "Net-(D1-Pad2)"))
    (pad 3 smd rect (at 0.8 -0.4 270) (size 0.8 0.6) (layers F.Cu F.Paste F.Mask)
      (net 4 +3V3))
    (pad 1 smd rect (at -0.8 0.4 270) (size 0.8 0.6) (layers F.Cu F.Paste F.Mask)
      (net 3 "Net-(D1-Pad1)"))
    (pad 4 smd rect (at 0.8 0.4 270) (size 0.8 0.6) (layers F.Cu F.Paste F.Mask)
      (net 37 "Net-(D1-Pad4)"))
    (model E:/Desktop/LED_0603.wrl
      (offset (xyz 0 -0.4 0))
      (scale (xyz 1 1 1))
      (rotate (xyz 0 0 0))
    )
    (model E:/Desktop/LED_0603.wrl
      (offset (xyz 0 0.4 0))
      (scale (xyz 1 1 1))
      (rotate (xyz 0 0 0))
    )
  )

  (module Resistor_SMD:R_0603_1608Metric (layer F.Cu) (tedit 5A8063C9) (tstamp 5AC45D5C)
    (at 99.2 95.6 90)
    (descr "Resistor SMD 0603 (1608 Metric), square (rectangular) end terminal, IPC_7351 nominal, (Body size source: http://www.tortai-tech.com/upload/download/2011102023233369053.pdf), generated with kicad-footprint-generator")
    (tags resistor)
    (path /5AB4DC09)
    (attr smd)
    (fp_text reference R7 (at 0 -1.65 90) (layer F.SilkS) hide
      (effects (font (size 1 1) (thickness 0.15)))
    )
    (fp_text value 360R (at 0 1.65 90) (layer F.Fab)
      (effects (font (size 1 1) (thickness 0.15)))
    )
    (fp_text user %R (at 0 0 90) (layer F.Fab)
      (effects (font (size 0.5 0.5) (thickness 0.08)))
    )
    (fp_line (start 1.46 0.75) (end -1.46 0.75) (layer F.CrtYd) (width 0.05))
    (fp_line (start 1.46 -0.75) (end 1.46 0.75) (layer F.CrtYd) (width 0.05))
    (fp_line (start -1.46 -0.75) (end 1.46 -0.75) (layer F.CrtYd) (width 0.05))
    (fp_line (start -1.46 0.75) (end -1.46 -0.75) (layer F.CrtYd) (width 0.05))
    (fp_line (start -0.22 0.51) (end 0.22 0.51) (layer F.SilkS) (width 0.12))
    (fp_line (start -0.22 -0.51) (end 0.22 -0.51) (layer F.SilkS) (width 0.12))
    (fp_line (start 0.8 0.4) (end -0.8 0.4) (layer F.Fab) (width 0.1))
    (fp_line (start 0.8 -0.4) (end 0.8 0.4) (layer F.Fab) (width 0.1))
    (fp_line (start -0.8 -0.4) (end 0.8 -0.4) (layer F.Fab) (width 0.1))
    (fp_line (start -0.8 0.4) (end -0.8 -0.4) (layer F.Fab) (width 0.1))
    (pad 2 smd rect (at 0.875 0 90) (size 0.67 1) (layers F.Cu F.Paste F.Mask)
      (net 43 /LED2_R))
    (pad 1 smd rect (at -0.875 0 90) (size 0.67 1) (layers F.Cu F.Paste F.Mask)
      (net 44 "Net-(D2-Pad2)"))
    (model ${KISYS3DMOD}/Resistor_SMD.3dshapes/R_0603_1608Metric.wrl
      (at (xyz 0 0 0))
      (scale (xyz 1 1 1))
      (rotate (xyz 0 0 0))
    )
  )

  (module Resistor_SMD:R_0603_1608Metric (layer F.Cu) (tedit 5A8063CD) (tstamp 5AFD3BE3)
    (at 101.1 93.3 180)
    (descr "Resistor SMD 0603 (1608 Metric), square (rectangular) end terminal, IPC_7351 nominal, (Body size source: http://www.tortai-tech.com/upload/download/2011102023233369053.pdf), generated with kicad-footprint-generator")
    (tags resistor)
    (path /5AB4DC0F)
    (attr smd)
    (fp_text reference R8 (at 0 -1.65 180) (layer F.SilkS) hide
      (effects (font (size 1 1) (thickness 0.15)))
    )
    (fp_text value 360R (at 0 1.65 180) (layer F.Fab)
      (effects (font (size 1 1) (thickness 0.15)))
    )
    (fp_line (start -0.8 0.4) (end -0.8 -0.4) (layer F.Fab) (width 0.1))
    (fp_line (start -0.8 -0.4) (end 0.8 -0.4) (layer F.Fab) (width 0.1))
    (fp_line (start 0.8 -0.4) (end 0.8 0.4) (layer F.Fab) (width 0.1))
    (fp_line (start 0.8 0.4) (end -0.8 0.4) (layer F.Fab) (width 0.1))
    (fp_line (start -0.22 -0.51) (end 0.22 -0.51) (layer F.SilkS) (width 0.12))
    (fp_line (start -0.22 0.51) (end 0.22 0.51) (layer F.SilkS) (width 0.12))
    (fp_line (start -1.46 0.75) (end -1.46 -0.75) (layer F.CrtYd) (width 0.05))
    (fp_line (start -1.46 -0.75) (end 1.46 -0.75) (layer F.CrtYd) (width 0.05))
    (fp_line (start 1.46 -0.75) (end 1.46 0.75) (layer F.CrtYd) (width 0.05))
    (fp_line (start 1.46 0.75) (end -1.46 0.75) (layer F.CrtYd) (width 0.05))
    (fp_text user %R (at 0 0 180) (layer F.Fab)
      (effects (font (size 0.5 0.5) (thickness 0.08)))
    )
    (pad 1 smd rect (at -0.875 0 180) (size 0.67 1) (layers F.Cu F.Paste F.Mask)
      (net 41 "Net-(D2-Pad4)"))
    (pad 2 smd rect (at 0.875 0 180) (size 0.67 1) (layers F.Cu F.Paste F.Mask)
      (net 42 /LED2_B))
    (model ${KISYS3DMOD}/Resistor_SMD.3dshapes/R_0603_1608Metric.wrl
      (at (xyz 0 0 0))
      (scale (xyz 1 1 1))
      (rotate (xyz 0 0 0))
    )
  )

  (module Resistor_SMD:R_0603_1608Metric (layer F.Cu) (tedit 5A8063B3) (tstamp 5AC45D3A)
    (at 103 91 90)
    (descr "Resistor SMD 0603 (1608 Metric), square (rectangular) end terminal, IPC_7351 nominal, (Body size source: http://www.tortai-tech.com/upload/download/2011102023233369053.pdf), generated with kicad-footprint-generator")
    (tags resistor)
    (path /5AB57FF6)
    (attr smd)
    (fp_text reference R9 (at -2.1 -2.4 90) (layer F.SilkS) hide
      (effects (font (size 1 1) (thickness 0.15)))
    )
    (fp_text value 360R (at 0 1.65 90) (layer F.Fab)
      (effects (font (size 1 1) (thickness 0.15)))
    )
    (fp_text user %R (at 0 0 90) (layer F.Fab)
      (effects (font (size 0.5 0.5) (thickness 0.08)))
    )
    (fp_line (start 1.46 0.75) (end -1.46 0.75) (layer F.CrtYd) (width 0.05))
    (fp_line (start 1.46 -0.75) (end 1.46 0.75) (layer F.CrtYd) (width 0.05))
    (fp_line (start -1.46 -0.75) (end 1.46 -0.75) (layer F.CrtYd) (width 0.05))
    (fp_line (start -1.46 0.75) (end -1.46 -0.75) (layer F.CrtYd) (width 0.05))
    (fp_line (start -0.22 0.51) (end 0.22 0.51) (layer F.SilkS) (width 0.12))
    (fp_line (start -0.22 -0.51) (end 0.22 -0.51) (layer F.SilkS) (width 0.12))
    (fp_line (start 0.8 0.4) (end -0.8 0.4) (layer F.Fab) (width 0.1))
    (fp_line (start 0.8 -0.4) (end 0.8 0.4) (layer F.Fab) (width 0.1))
    (fp_line (start -0.8 -0.4) (end 0.8 -0.4) (layer F.Fab) (width 0.1))
    (fp_line (start -0.8 0.4) (end -0.8 -0.4) (layer F.Fab) (width 0.1))
    (pad 2 smd rect (at 0.875 0 90) (size 0.67 1) (layers F.Cu F.Paste F.Mask)
      (net 40 /LED3_G))
    (pad 1 smd rect (at -0.875 0 90) (size 0.67 1) (layers F.Cu F.Paste F.Mask)
      (net 8 "Net-(D3-Pad1)"))
    (model ${KISYS3DMOD}/Resistor_SMD.3dshapes/R_0603_1608Metric.wrl
      (at (xyz 0 0 0))
      (scale (xyz 1 1 1))
      (rotate (xyz 0 0 0))
    )
  )

  (module Resistor_SMD:R_0603_1608Metric (layer F.Cu) (tedit 5A8063C7) (tstamp 5AFD3EE8)
    (at 99.2 91 90)
    (descr "Resistor SMD 0603 (1608 Metric), square (rectangular) end terminal, IPC_7351 nominal, (Body size source: http://www.tortai-tech.com/upload/download/2011102023233369053.pdf), generated with kicad-footprint-generator")
    (tags resistor)
    (path /5AB57FFC)
    (attr smd)
    (fp_text reference R10 (at 0 -1.65 90) (layer F.SilkS) hide
      (effects (font (size 1 1) (thickness 0.15)))
    )
    (fp_text value 360R (at 0 1.65 90) (layer F.Fab)
      (effects (font (size 1 1) (thickness 0.15)))
    )
    (fp_line (start -0.8 0.4) (end -0.8 -0.4) (layer F.Fab) (width 0.1))
    (fp_line (start -0.8 -0.4) (end 0.8 -0.4) (layer F.Fab) (width 0.1))
    (fp_line (start 0.8 -0.4) (end 0.8 0.4) (layer F.Fab) (width 0.1))
    (fp_line (start 0.8 0.4) (end -0.8 0.4) (layer F.Fab) (width 0.1))
    (fp_line (start -0.22 -0.51) (end 0.22 -0.51) (layer F.SilkS) (width 0.12))
    (fp_line (start -0.22 0.51) (end 0.22 0.51) (layer F.SilkS) (width 0.12))
    (fp_line (start -1.46 0.75) (end -1.46 -0.75) (layer F.CrtYd) (width 0.05))
    (fp_line (start -1.46 -0.75) (end 1.46 -0.75) (layer F.CrtYd) (width 0.05))
    (fp_line (start 1.46 -0.75) (end 1.46 0.75) (layer F.CrtYd) (width 0.05))
    (fp_line (start 1.46 0.75) (end -1.46 0.75) (layer F.CrtYd) (width 0.05))
    (fp_text user %R (at 0 0 90) (layer F.Fab)
      (effects (font (size 0.5 0.5) (thickness 0.08)))
    )
    (pad 1 smd rect (at -0.875 0 90) (size 0.67 1) (layers F.Cu F.Paste F.Mask)
      (net 34 "Net-(D3-Pad2)"))
    (pad 2 smd rect (at 0.875 0 90) (size 0.67 1) (layers F.Cu F.Paste F.Mask)
      (net 35 /LED3_R))
    (model ${KISYS3DMOD}/Resistor_SMD.3dshapes/R_0603_1608Metric.wrl
      (at (xyz 0 0 0))
      (scale (xyz 1 1 1))
      (rotate (xyz 0 0 0))
    )
  )

  (module Resistor_SMD:R_0603_1608Metric (layer F.Cu) (tedit 5A80622E) (tstamp 5AC45CB8)
    (at 103 86.4 90)
    (descr "Resistor SMD 0603 (1608 Metric), square (rectangular) end terminal, IPC_7351 nominal, (Body size source: http://www.tortai-tech.com/upload/download/2011102023233369053.pdf), generated with kicad-footprint-generator")
    (tags resistor)
    (path /5AB68253)
    (attr smd)
    (fp_text reference R12 (at 0 -1.65 90) (layer F.SilkS) hide
      (effects (font (size 1 1) (thickness 0.15)))
    )
    (fp_text value 360R (at 0 1.65 90) (layer F.Fab)
      (effects (font (size 1 1) (thickness 0.15)))
    )
    (fp_text user %R (at 0 0 90) (layer F.Fab)
      (effects (font (size 0.5 0.5) (thickness 0.08)))
    )
    (fp_line (start 1.46 0.75) (end -1.46 0.75) (layer F.CrtYd) (width 0.05))
    (fp_line (start 1.46 -0.75) (end 1.46 0.75) (layer F.CrtYd) (width 0.05))
    (fp_line (start -1.46 -0.75) (end 1.46 -0.75) (layer F.CrtYd) (width 0.05))
    (fp_line (start -1.46 0.75) (end -1.46 -0.75) (layer F.CrtYd) (width 0.05))
    (fp_line (start -0.22 0.51) (end 0.22 0.51) (layer F.SilkS) (width 0.12))
    (fp_line (start -0.22 -0.51) (end 0.22 -0.51) (layer F.SilkS) (width 0.12))
    (fp_line (start 0.8 0.4) (end -0.8 0.4) (layer F.Fab) (width 0.1))
    (fp_line (start 0.8 -0.4) (end 0.8 0.4) (layer F.Fab) (width 0.1))
    (fp_line (start -0.8 -0.4) (end 0.8 -0.4) (layer F.Fab) (width 0.1))
    (fp_line (start -0.8 0.4) (end -0.8 -0.4) (layer F.Fab) (width 0.1))
    (pad 2 smd rect (at 0.875 0 90) (size 0.67 1) (layers F.Cu F.Paste F.Mask)
      (net 33 /LED4_G))
    (pad 1 smd rect (at -0.875 0 90) (size 0.67 1) (layers F.Cu F.Paste F.Mask)
      (net 7 "Net-(D4-Pad1)"))
    (model ${KISYS3DMOD}/Resistor_SMD.3dshapes/R_0603_1608Metric.wrl
      (at (xyz 0 0 0))
      (scale (xyz 1 1 1))
      (rotate (xyz 0 0 0))
    )
  )

  (module Resistor_SMD:R_0603_1608Metric (layer F.Cu) (tedit 5A806235) (tstamp 5AC45CA7)
    (at 99.2 86.4 90)
    (descr "Resistor SMD 0603 (1608 Metric), square (rectangular) end terminal, IPC_7351 nominal, (Body size source: http://www.tortai-tech.com/upload/download/2011102023233369053.pdf), generated with kicad-footprint-generator")
    (tags resistor)
    (path /5AB68259)
    (attr smd)
    (fp_text reference R13 (at 0 -1.65 90) (layer F.SilkS) hide
      (effects (font (size 1 1) (thickness 0.15)))
    )
    (fp_text value 360R (at 0 1.65 90) (layer F.Fab)
      (effects (font (size 1 1) (thickness 0.15)))
    )
    (fp_line (start -0.8 0.4) (end -0.8 -0.4) (layer F.Fab) (width 0.1))
    (fp_line (start -0.8 -0.4) (end 0.8 -0.4) (layer F.Fab) (width 0.1))
    (fp_line (start 0.8 -0.4) (end 0.8 0.4) (layer F.Fab) (width 0.1))
    (fp_line (start 0.8 0.4) (end -0.8 0.4) (layer F.Fab) (width 0.1))
    (fp_line (start -0.22 -0.51) (end 0.22 -0.51) (layer F.SilkS) (width 0.12))
    (fp_line (start -0.22 0.51) (end 0.22 0.51) (layer F.SilkS) (width 0.12))
    (fp_line (start -1.46 0.75) (end -1.46 -0.75) (layer F.CrtYd) (width 0.05))
    (fp_line (start -1.46 -0.75) (end 1.46 -0.75) (layer F.CrtYd) (width 0.05))
    (fp_line (start 1.46 -0.75) (end 1.46 0.75) (layer F.CrtYd) (width 0.05))
    (fp_line (start 1.46 0.75) (end -1.46 0.75) (layer F.CrtYd) (width 0.05))
    (fp_text user %R (at 0 0 90) (layer F.Fab)
      (effects (font (size 0.5 0.5) (thickness 0.08)))
    )
    (pad 1 smd rect (at -0.875 0 90) (size 0.67 1) (layers F.Cu F.Paste F.Mask)
      (net 31 "Net-(D4-Pad2)"))
    (pad 2 smd rect (at 0.875 0 90) (size 0.67 1) (layers F.Cu F.Paste F.Mask)
      (net 32 /LED4_R))
    (model ${KISYS3DMOD}/Resistor_SMD.3dshapes/R_0603_1608Metric.wrl
      (at (xyz 0 0 0))
      (scale (xyz 1 1 1))
      (rotate (xyz 0 0 0))
    )
  )

  (module Resistor_SMD:R_0603_1608Metric (layer F.Cu) (tedit 5A806227) (tstamp 5AC45C96)
    (at 101.1 84.1 180)
    (descr "Resistor SMD 0603 (1608 Metric), square (rectangular) end terminal, IPC_7351 nominal, (Body size source: http://www.tortai-tech.com/upload/download/2011102023233369053.pdf), generated with kicad-footprint-generator")
    (tags resistor)
    (path /5AB6825F)
    (attr smd)
    (fp_text reference R14 (at 0 -1.65 180) (layer F.SilkS) hide
      (effects (font (size 1 1) (thickness 0.15)))
    )
    (fp_text value 360R (at 0 1.65 180) (layer F.Fab)
      (effects (font (size 1 1) (thickness 0.15)))
    )
    (fp_text user %R (at 0 0 180) (layer F.Fab)
      (effects (font (size 0.5 0.5) (thickness 0.08)))
    )
    (fp_line (start 1.46 0.75) (end -1.46 0.75) (layer F.CrtYd) (width 0.05))
    (fp_line (start 1.46 -0.75) (end 1.46 0.75) (layer F.CrtYd) (width 0.05))
    (fp_line (start -1.46 -0.75) (end 1.46 -0.75) (layer F.CrtYd) (width 0.05))
    (fp_line (start -1.46 0.75) (end -1.46 -0.75) (layer F.CrtYd) (width 0.05))
    (fp_line (start -0.22 0.51) (end 0.22 0.51) (layer F.SilkS) (width 0.12))
    (fp_line (start -0.22 -0.51) (end 0.22 -0.51) (layer F.SilkS) (width 0.12))
    (fp_line (start 0.8 0.4) (end -0.8 0.4) (layer F.Fab) (width 0.1))
    (fp_line (start 0.8 -0.4) (end 0.8 0.4) (layer F.Fab) (width 0.1))
    (fp_line (start -0.8 -0.4) (end 0.8 -0.4) (layer F.Fab) (width 0.1))
    (fp_line (start -0.8 0.4) (end -0.8 -0.4) (layer F.Fab) (width 0.1))
    (pad 2 smd rect (at 0.875 0 180) (size 0.67 1) (layers F.Cu F.Paste F.Mask)
      (net 29 /LED4_B))
    (pad 1 smd rect (at -0.875 0 180) (size 0.67 1) (layers F.Cu F.Paste F.Mask)
      (net 30 "Net-(D4-Pad4)"))
    (model ${KISYS3DMOD}/Resistor_SMD.3dshapes/R_0603_1608Metric.wrl
      (at (xyz 0 0 0))
      (scale (xyz 1 1 1))
      (rotate (xyz 0 0 0))
    )
  )

  (module Resistor_SMD:R_0603_1608Metric (layer F.Cu) (tedit 5A8063C0) (tstamp 5AC45C65)
    (at 101.1 88.7 180)
    (descr "Resistor SMD 0603 (1608 Metric), square (rectangular) end terminal, IPC_7351 nominal, (Body size source: http://www.tortai-tech.com/upload/download/2011102023233369053.pdf), generated with kicad-footprint-generator")
    (tags resistor)
    (path /5AB58002)
    (attr smd)
    (fp_text reference R11 (at 0 -1.65 180) (layer F.SilkS) hide
      (effects (font (size 1 1) (thickness 0.15)))
    )
    (fp_text value 360R (at 0 1.65 180) (layer F.Fab)
      (effects (font (size 1 1) (thickness 0.15)))
    )
    (fp_line (start -0.8 0.4) (end -0.8 -0.4) (layer F.Fab) (width 0.1))
    (fp_line (start -0.8 -0.4) (end 0.8 -0.4) (layer F.Fab) (width 0.1))
    (fp_line (start 0.8 -0.4) (end 0.8 0.4) (layer F.Fab) (width 0.1))
    (fp_line (start 0.8 0.4) (end -0.8 0.4) (layer F.Fab) (width 0.1))
    (fp_line (start -0.22 -0.51) (end 0.22 -0.51) (layer F.SilkS) (width 0.12))
    (fp_line (start -0.22 0.51) (end 0.22 0.51) (layer F.SilkS) (width 0.12))
    (fp_line (start -1.46 0.75) (end -1.46 -0.75) (layer F.CrtYd) (width 0.05))
    (fp_line (start -1.46 -0.75) (end 1.46 -0.75) (layer F.CrtYd) (width 0.05))
    (fp_line (start 1.46 -0.75) (end 1.46 0.75) (layer F.CrtYd) (width 0.05))
    (fp_line (start 1.46 0.75) (end -1.46 0.75) (layer F.CrtYd) (width 0.05))
    (fp_text user %R (at 0 0 180) (layer F.Fab)
      (effects (font (size 0.5 0.5) (thickness 0.08)))
    )
    (pad 1 smd rect (at -0.875 0 180) (size 0.67 1) (layers F.Cu F.Paste F.Mask)
      (net 25 "Net-(D3-Pad4)"))
    (pad 2 smd rect (at 0.875 0 180) (size 0.67 1) (layers F.Cu F.Paste F.Mask)
      (net 26 /LED3_B))
    (model ${KISYS3DMOD}/Resistor_SMD.3dshapes/R_0603_1608Metric.wrl
      (at (xyz 0 0 0))
      (scale (xyz 1 1 1))
      (rotate (xyz 0 0 0))
    )
  )

  (module Button_Switch_SMD:SW_SPST_FSMSM (layer F.Cu) (tedit 5A805E6E) (tstamp 5A96FDCA)
    (at 88 92.5 90)
    (descr http://www.te.com/commerce/DocumentDelivery/DDEController?Action=srchrtrv&DocNm=1437566-3&DocType=Customer+Drawing&DocLang=English)
    (tags "SPST button tactile switch")
    (path /5AA8DC0A)
    (attr smd)
    (fp_text reference SW3 (at 0 -2.6 90) (layer F.SilkS) hide
      (effects (font (size 1 1) (thickness 0.15)))
    )
    (fp_text value USR (at 0 3 90) (layer F.Fab)
      (effects (font (size 1 1) (thickness 0.15)))
    )
    (fp_text user %R (at 0 -2.6 90) (layer F.Fab)
      (effects (font (size 1 1) (thickness 0.15)))
    )
    (fp_line (start -1.75 -1) (end 1.75 -1) (layer F.Fab) (width 0.1))
    (fp_line (start 1.75 -1) (end 1.75 1) (layer F.Fab) (width 0.1))
    (fp_line (start 1.75 1) (end -1.75 1) (layer F.Fab) (width 0.1))
    (fp_line (start -1.75 1) (end -1.75 -1) (layer F.Fab) (width 0.1))
    (fp_line (start -3.06 -1.81) (end 3.06 -1.81) (layer F.SilkS) (width 0.12))
    (fp_line (start 3.06 -1.81) (end 3.06 1.81) (layer F.SilkS) (width 0.12))
    (fp_line (start 3.06 1.81) (end -3.06 1.81) (layer F.SilkS) (width 0.12))
    (fp_line (start -3.06 1.81) (end -3.06 -1.81) (layer F.SilkS) (width 0.12))
    (fp_line (start -1.5 0.8) (end 1.5 0.8) (layer F.Fab) (width 0.1))
    (fp_line (start -1.5 -0.8) (end 1.5 -0.8) (layer F.Fab) (width 0.1))
    (fp_line (start 1.5 -0.8) (end 1.5 0.8) (layer F.Fab) (width 0.1))
    (fp_line (start -1.5 -0.8) (end -1.5 0.8) (layer F.Fab) (width 0.1))
    (fp_line (start -5.95 2) (end 5.95 2) (layer F.CrtYd) (width 0.05))
    (fp_line (start 5.95 -2) (end 5.95 2) (layer F.CrtYd) (width 0.05))
    (fp_line (start -3 1.75) (end 3 1.75) (layer F.Fab) (width 0.1))
    (fp_line (start -3 -1.75) (end 3 -1.75) (layer F.Fab) (width 0.1))
    (fp_line (start -3 -1.75) (end -3 1.75) (layer F.Fab) (width 0.1))
    (fp_line (start 3 -1.75) (end 3 1.75) (layer F.Fab) (width 0.1))
    (fp_line (start -5.95 -2) (end -5.95 2) (layer F.CrtYd) (width 0.05))
    (fp_line (start -5.95 -2) (end 5.95 -2) (layer F.CrtYd) (width 0.05))
    (pad 1 smd rect (at -4.59 0 90) (size 2.18 1.6) (layers F.Cu F.Paste F.Mask)
      (net 2 GND))
    (pad 2 smd rect (at 4.59 0 90) (size 2.18 1.6) (layers F.Cu F.Paste F.Mask)
      (net 24 /BTN_USR))
    (model ${KISYS3DMOD}/Button_Switch_SMD.3dshapes/SW_SPST_FSMSM.wrl
      (at (xyz 0 0 0))
      (scale (xyz 1 1 1))
      (rotate (xyz 0 0 0))
    )
  )

  (module Button_Switch_SMD:SW_SPST_FSMSM (layer F.Cu) (tedit 5A805E6B) (tstamp 5A96FDAF)
    (at 92 92.5 90)
    (descr http://www.te.com/commerce/DocumentDelivery/DDEController?Action=srchrtrv&DocNm=1437566-3&DocType=Customer+Drawing&DocLang=English)
    (tags "SPST button tactile switch")
    (path /5AA89D62)
    (attr smd)
    (fp_text reference SW2 (at 0 -2.6 90) (layer F.SilkS) hide
      (effects (font (size 1 1) (thickness 0.15)))
    )
    (fp_text value BOOTL (at 0 3 90) (layer F.Fab)
      (effects (font (size 1 1) (thickness 0.15)))
    )
    (fp_line (start -5.95 -2) (end 5.95 -2) (layer F.CrtYd) (width 0.05))
    (fp_line (start -5.95 -2) (end -5.95 2) (layer F.CrtYd) (width 0.05))
    (fp_line (start 3 -1.75) (end 3 1.75) (layer F.Fab) (width 0.1))
    (fp_line (start -3 -1.75) (end -3 1.75) (layer F.Fab) (width 0.1))
